{
  "calib_data": {
    "DC:A6:32:B8:1C:2F": {
      "0": {
        "distortion": [
          [
            0.0546999044,
            -0.1408960524,
            -0.0134397137,
            0.0034186884,
            0.0989093154
          ]
        ],
        "intrinsic_mat": [
          [
            634.6337379158,
            0.0,
            321.598613459
          ],
          [
            0.0,
            640.7826412882,
            244.4311078421
          ],
          [
            0.0,
            0.0,
            1.0
          ]
        ],
        "orientation": [
          0.0811589616,
          -0.0493462967,
          0.9954788626
        ],
        "position": [
          -185.3382251199,
          81.8125597137,
          55.4567495457
        ],
        "rotation_mat": [
          [
            0.9311513998,
            -0.3524712821,
            -0.0933866471
          ],
          [
            0.3554859963,
            0.9345206997,
            0.0173426699
          ],
          [
            0.0811589616,
            -0.0493462967,
            0.9954788626
          ]
        ]
      },
      "2": {
        "distortion": [
          [
            0.0591711355,
            -0.1072201249,
            -0.013361595,
            0.0046093934,
            0.0085869924
          ]
        ],
        "intrinsic_mat": [
          [
            649.6449733879,
            0.0,
            339.3810239105
          ],
          [
            0.0,
            653.7974288151,
            218.5942995795
          ],
          [
            0.0,
            0.0,
            1.0
          ]
        ],
        "orientation": [
          0.4609404506,
          0.0115815107,
          0.8873554922
        ],
        "position": [
          -324.7765534154,
          88.6577600456,
          69.5410953666
        ],
        "rotation_mat": [
          [
            0.6924387027,
            -0.6300793091,
            -0.3514665094
          ],
          [
            0.5550338224,
            0.776444417,
            -0.298448527
          ],
          [
            0.4609404506,
            0.0115815107,
            0.8873554922
          ]
        ]
      }
    },
    "DC:A6:32:BE:8E:8D": {
      "0": {
        "distortion": [
          [
            0.0796383197,
            -0.2105629095,
            -0.0048047638,
            0.0064219579,
            0.2102409706
          ]
        ],
        "intrinsic_mat": [
          [
            659.1854714909,
            0.0,
            338.3919709446
          ],
          [
            0.0,
            661.4673895503,
            249.9738236812
          ],
          [
            0.0,
            0.0,
            1.0
          ]
        ],
        "orientation": [
          -0.8849894669,
          -0.0812327361,
          0.4584701582
        ],
        "position": [
          697.3737344236,
          -161.4570658575,
          -32.0938258199
        ],
        "rotation_mat": [
          [
            0.2001169996,
            0.8227189478,
            0.5320589434
          ],
          [
            -0.42041269,
            0.5626142332,
            -0.7118415516
          ],
          [
            -0.8849894669,
            -0.0812327361,
            0.4584701582
          ]
        ]
      },
      "2": {
        "distortion": [
          [
            0.0622501303,
            -0.1645017074,
            -0.0056410151,
            0.0019119497,
            0.0834471445
          ]
        ],
        "intrinsic_mat": [
          [
            654.1673497417,
            0.0,
            327.2889196126
          ],
          [
            0.0,
            657.4365489766,
            213.2912826493
          ],
          [
            0.0,
            0.0,
            1.0
          ]
        ],
        "orientation": [
          -0.8586158694,
          0.0938541543,
          0.503954548
        ],
        "position": [
          634.7384024842,
          -265.2185893295,
          -95.207601228
        ],
        "rotation_mat": [
          [
            0.4144581628,
            0.7056339352,
            0.574721829
          ],
          [
            -0.3016673998,
            0.702333359,
            -0.644767115
          ],
          [
            -0.8586158694,
            0.0938541543,
            0.503954548
          ]
        ]
      }
    },
    "E4:5F:01:5C:99:26": {
      "0": {
        "distortion": [
          [
            0.138452243,
            -0.7910217076,
            -0.0030436247,
            0.0001207708,
            1.8254615977
          ]
        ],
        "intrinsic_mat": [
          [
            657.8281290965,
            0.0,
            326.8128976244
          ],
          [
            0.0,
            661.8042995774,
            266.1650602507
          ],
          [
            0.0,
            0.0,
            1.0
          ]
        ],
        "orientation": [
          0.8743389009,
          -0.2610221121,
          0.4091441597
        ],
        "position": [
          -610.7550741012,
          246.8071385408,
          144.9443966133
        ],
        "rotation_mat": [
          [
            0.2500145813,
            -0.480316058,
            -0.8407075553
          ],
          [
            0.4159617716,
            0.8373553256,
            -0.3546996803
          ],
          [
            0.8743389008,
            -0.2610221121,
            0.4091441596
          ]
        ]
      },
      "2": {
        "distortion": [
          [
            0.0781069728,
            -0.1668591122,
            -0.0049766746,
            0.0027511141,
            0.098317095
          ]
        ],
        "intrinsic_mat": [
          [
            660.9178185789,
            0.0,
            326.1026075712
          ],
          [
            0.0,
            664.9732397353,
            241.1295158807
          ],
          [
            0.0,
            0.0,
            1.0
          ]
        ],
        "orientation": [
          0.7141891956,
          -0.0593417369,
          0.6974326857
        ],
        "position": [
          -541.6544291818,
          193.0429543409,
          119.6406202139
        ],
        "rotation_mat": [
          [
            0.4329824563,
            -0.7454318995,
            -0.5068110848
          ],
          [
            0.5499636217,
            0.6639351183,
            -0.5066854778
          ],
          [
            0.7141891956,
            -0.0593417369,
            0.6974326857
          ]
        ]
      }
    },
    "E4:5F:01:5C:9A:37": {
      "0": {
        "distortion": [
          [
            0.0503907045,
            -0.0155196813,
            0.0060550034,
            0.005472001,
            -0.1538784693
          ]
        ],
        "intrinsic_mat": [
          [
            669.2941156617,
            0.0,
            335.2315219728
          ],
          [
            0.0,
            671.4107396753,
            270.7190469863
          ],
          [
            0.0,
            0.0,
            1.0
          ]
        ],
        "orientation": [
          0.7871168316,
          -0.205977929,
          0.5813950346
        ],
        "position": [
          -1008.3776956745,
          348.9829519738,
          136.8644969831
        ],
        "rotation_mat": [
          [
            0.1389300653,
            -0.8591655452,
            -0.4924763983
          ],
          [
            0.6009538504,
            0.4684097123,
            -0.6476471347
          ],
          [
            0.7871168315,
            -0.205977929,
            0.5813950345
          ]
        ]
      },
      "2": {
        "distortion": [
          [
            0.0425775855,
            0.1450847322,
            0.0101635808,
            0.0029515084,
            -0.7689016159
          ]
        ],
        "intrinsic_mat": [
          [
            659.9894051674,
            0.0,
            304.9076542354
          ],
          [
            0.0,
            662.8011924397,
            252.5626578044
          ],
          [
            0.0,
            0.0,
            1.0
          ]
        ],
        "orientation": [
          0.8801704,
          -0.137683542,
          0.4542502716
        ],
        "position": [
          -882.3468161228,
          356.8139501975,
          168.7676721815
        ],
        "rotation_mat": [
          [
            0.0498061562,
            -0.9249327501,
            -0.3768537575
          ],
          [
            0.4720375131,
            0.3543199824,
            -0.8072409407
          ],
          [
            0.8801703998,
            -0.137683542,
            0.4542502716
          ]
        ]
      }
    },
    "E4:5F:01:5C:9A:3D": {
      "0": {
        "distortion": [
          [
            0.0511283392,
            -0.0712026781,
            -0.0112420525,
            0.0045390021,
            0.0163150787
          ]
        ],
        "intrinsic_mat": [
          [
            657.7930524793,
            0.0,
            326.7549370049
          ],
          [
            0.0,
            660.853398192,
            210.4749963707
          ],
          [
            0.0,
            0.0,
            1.0
          ]
        ],
        "orientation": [
          0.1602496325,
          0.1117376531,
          0.9807317432
        ],
        "position": [
          -426.5164518809,
          -143.5400108084,
          -104.0145643974
        ],
        "rotation_mat": [
          [
            0.948071128,
            -0.2939698895,
            -0.1214200982
          ],
          [
            0.2747384055,
            0.9492609761,
            -0.1530438096
          ],
          [
            0.1602496325,
            0.1117376531,
            0.9807317432
          ]
        ]
      },
      "2": {
        "distortion": [
          [
            0.0850792336,
            -0.2805871344,
            -0.0125299178,
            -0.0020790042,
            0.3913358913
          ]
        ],
        "intrinsic_mat": [
          [
            667.3911772349,
            0.0,
            319.8641722313
          ],
          [
            0.0,
            670.2101976001,
            215.874740206
          ],
          [
            0.0,
            0.0,
            1.0
          ]
        ],
        "orientation": [
          0.5453524266,
          0.1354628994,
          0.8271883302
        ],
        "position": [
          -535.6351932638,
          -94.1114322091,
          -75.8781070088
        ],
        "rotation_mat": [
          [
            0.7891346413,
            -0.4156796854,
            -0.4521912394
          ],
          [
            0.2825902486,
            0.8993665559,
            -0.3335903917
          ],
          [
            0.5453524266,
            0.1354628994,
            0.8271883302
          ]
        ]
      }
    },
    "E4:5F:01:5C:9A:43": {
      "0": {
        "distortion": [
          [
            0.0488027879,
            -0.0920637178,
            -0.0050067585,
            0.0070778084,
            0.0326238594
          ]
        ],
        "intrinsic_mat": [
          [
            661.4240495684,
            0.0,
            335.8549767701
          ],
          [
            0.0,
            664.4137793807,
            240.4252068074
          ],
          [
            0.0,
            0.0,
            1.0
          ]
        ],
        "orientation": [
          0.5296058938,
          -0.0254583287,
          0.8478617049
        ],
        "position": [
          -374.5924382812,
          120.8685541654,
          69.711062482
        ],
        "rotation_mat": [
          [
            0.3596242897,
            -0.8985324292,
            -0.2516144747
          ],
          [
            0.7682369214,
            0.4381681722,
            -0.466712637
          ],
          [
            0.5296058938,
            -0.0254583287,
            0.8478617049
          ]
        ]
      },
      "2": {
        "distortion": [
          [
            0.129905365,
            -0.713623281,
            -0.0009942105,
            0.0044808523,
            1.5468746451
          ]
        ],
        "intrinsic_mat": [
          [
            660.8497583468,
            0.0,
            336.4290225842
          ],
          [
            0.0,
            665.2215098767,
            254.4663084522
          ],
          [
            0.0,
            0.0,
            1.0
          ]
        ],
        "orientation": [
          0.6995937333,
          -0.0919668608,
          0.7085977031
        ],
        "position": [
          -454.7643721934,
          158.5068381248,
          86.7912332061
        ],
        "rotation_mat": [
          [
            0.4079357544,
            -0.7627804712,
            -0.5017513058
          ],
          [
            0.5866489823,
            0.6400844078,
            -0.4961198669
          ],
          [
            0.6995937333,
            -0.0919668608,
            0.708597703
          ]
        ]
      }
    },
    "E4:5F:01:5C:9A:5B": {
      "0": {
        "distortion": [
          [
            0.0515823648,
            -0.102001414,
            -0.006266361,
            0.0026003901,
            -0.0279467206
          ]
        ],
        "intrinsic_mat": [
          [
            653.3172831281,
            0.0,
            324.9105707696
          ],
          [
            0.0,
            656.7552660958,
            233.5094918816
          ],
          [
            0.0,
            0.0,
            1.0
          ]
        ],
        "orientation": [
          -0.8804542311,
          -0.0155794903,
          0.4738751168
        ],
        "position": [
          631.1874771019,
          -165.9385065362,
          -45.7532498692
        ],
        "rotation_mat": [
          [
            0.3821373903,
            0.5683137164,
            0.7286909733
          ],
          [
            -0.2806623628,
            0.8226644511,
            -0.4944207104
          ],
          [
            -0.8804542311,
            -0.0155794903,
            0.4738751168
          ]
        ]
      },
      "2": {
        "distortion": [
          [
            0.131039383,
            -0.655946212,
            -0.0108426344,
            0.0037243706,
            1.3316788048
          ]
        ],
        "intrinsic_mat": [
          [
            654.1561191794,
            0.0,
            318.7606095521
          ],
          [
            0.0,
            658.196576369,
            218.9720471276
          ],
          [
            0.0,
            0.0,
            1.0
          ]
        ],
        "orientation": [
          -0.2736843891,
          0.2556594847,
          0.9272190049
        ],
        "position": [
          470.8491303331,
          -203.248047016,
          -72.3690955975
        ],
        "rotation_mat": [
          [
            0.9611530941,
            0.0368157841,
            0.2735494976
          ],
          [
            0.0357992289,
            0.9660656426,
            -0.25580381
          ],
          [
            -0.2736843891,
            0.2556594847,
            0.9272190048
          ]
        ]
      }
    },
    "E4:5F:01:5C:9A:6A": {
      "0": {
        "distortion": [
          [
            0.0615690769,
            -0.1144828057,
            -0.0092628329,
            -0.0109679112,
            0.0805059893
          ]
        ],
        "intrinsic_mat": [
          [
            654.1990137489,
            0.0,
            303.8922852415
          ],
          [
            0.0,
            654.6496938807,
            211.5701487629
          ],
          [
            0.0,
            0.0,
            1.0
          ]
        ],
        "orientation": [
          0.0,
          0.0,
          1.0
        ],
        "position": [
          0.0,
          0.0,
          0.0
        ],
        "rotation_mat": [
          [
            1.0,
            0.0,
            0.0
          ],
          [
            0.0,
            1.0,
            0.0
          ],
          [
            0.0,
            0.0,
            1.0
          ]
        ]
      },
      "2": {
        "distortion": [
          [
            0.1146493154,
            -0.6356729699,
            -0.0026846926,
            0.0024104837,
            1.3162403252
          ]
        ],
        "intrinsic_mat": [
          [
            651.4507333515,
            0.0,
            322.3783398785
          ],
          [
            0.0,
            654.7757264633,
            241.1308813962
          ],
          [
            0.0,
            0.0,
            1.0
          ]
        ],
        "orientation": [
          0.7084682742,
          -0.0165763205,
          0.7055479644
        ],
        "position": [
          37.5143574498,
          -66.8439226207,
          -35.2473549212
        ],
        "rotation_mat": [
          [
            0.6124619057,
            -0.4822900466,
            -0.6263279692
          ],
          [
            0.3506609738,
            0.8758547463,
            -0.3315348321
          ],
          [
            0.7084682742,
            -0.0165763205,
            0.7055479644
          ]
        ]
      }
    },
    "E4:5F:01:5C:9A:70": {
      "0": {
        "distortion": [
          [
            0.0530441636,
            0.0522428853,
            -0.0069001406,
            0.0006897549,
            -0.9212977598
          ]
        ],
        "intrinsic_mat": [
          [
            658.602755514,
            0.0,
            310.4863231717
          ],
          [
            0.0,
            661.0362949071,
            247.9912847612
          ],
          [
            0.0,
            0.0,
            1.0
          ]
        ],
        "orientation": [
          -0.0534331906,
          0.2152388139,
          0.975098532
        ],
        "position": [
          -259.2032304074,
          -19.2186206617,
          -20.4259200267
        ],
        "rotation_mat": [
          [
            0.99758653,
            -0.0318533854,
            0.0616966532
          ],
          [
            0.0443397039,
            0.97604181,
            -0.2130173135
          ],
          [
            -0.0534331906,
            0.2152388139,
            0.9750985319
          ]
        ]
      },
      "2": {
        "distortion": [
          [
            0.0595520266,
            -0.1618364879,
            -0.0048751065,
            -0.0032438884,
            0.0599073351
          ]
        ],
        "intrinsic_mat": [
          [
            654.8028397227,
            0.0,
            298.7095402989
          ],
          [
            0.0,
            656.724643701,
            238.7369183746
          ],
          [
            0.0,
            0.0,
            1.0
          ]
        ],
        "orientation": [
          -0.1705656125,
          0.3764604788,
          0.9105958927
        ],
        "position": [
          -319.8494905753,
          -114.4376372449,
          -83.7505457444
        ],
        "rotation_mat": [
          [
            0.9846354822,
            0.0300225687,
            0.1720221282
          ],
          [
            0.0374211051,
            0.9259460855,
            -0.3757971629
          ],
          [
            -0.1705656125,
            0.3764604788,
            0.9105958926
          ]
        ]
      }
    },
    "E4:5F:01:5C:9A:79": {
      "0": {
        "distortion": [
          [
            0.0855649589,
            -0.2923517556,
            -0.0017765963,
            0.0031787925,
            0.33245802
          ]
        ],
        "intrinsic_mat": [
          [
            661.2826912772,
            0.0,
            321.9621155686
          ],
          [
            0.0,
            664.8539263999,
            250.9086973286
          ],
          [
            0.0,
            0.0,
            1.0
          ]
        ],
        "orientation": [
          0.7481210203,
          -0.1921782786,
          0.6351239629
        ],
        "position": [
          -704.5563238223,
          269.905142262,
          160.8019224206
        ],
        "rotation_mat": [
          [
            0.2750893763,
            -0.7811963365,
            -0.5604088854
          ],
          [
            0.6038549279,
            0.593969522,
            -0.5315631975
          ],
          [
            0.7481210202,
            -0.1921782786,
            0.6351239628
          ]
        ]
      },
      "2": {
        "distortion": [
          [
            0.0726691181,
            -0.1958858867,
            0.0090626234,
            0.0048902074,
            0.1525358454
          ]
        ],
        "intrinsic_mat": [
          [
            668.0086020646,
            0.0,
            337.0894334258
          ],
          [
            0.0,
            670.7304730143,
            280.7690585407
          ],
          [
            0.0,
            0.0,
            1.0
          ]
        ],
        "orientation": [
          0.7713125674,
          -0.2803061115,
          0.5714065166
        ],
        "position": [
          -790.8460679018,
          302.5851174708,
          178.807749805
        ],
        "rotation_mat": [
          [
            0.0623422535,
            -0.8602018622,
            -0.5061286395
          ],
          [
            0.6333959004,
            0.4260061503,
            -0.6460095922
          ],
          [
            0.7713125674,
            -0.2803061115,
            0.5714065166
          ]
        ]
      }
    },
    "E4:5F:01:5C:9A:8B": {
      "0": {
        "distortion": [
          [
            0.0388730284,
            0.0017179029,
            -0.0158286977,
            -0.001682079,
            -0.1641826962
          ]
        ],
        "intrinsic_mat": [
          [
            649.5964473949,
            0.0,
            308.2068002941
          ],
          [
            0.0,
            653.0738667389,
            209.8820030468
          ],
          [
            0.0,
            0.0,
            1.0
          ]
        ],
        "orientation": [
          0.4298145822,
          -0.1697389152,
          0.8868191053
        ],
        "position": [
          114.3886777981,
          -45.9332364295,
          -8.3824717745
        ],
        "rotation_mat": [
          [
            0.8887837557,
            -0.093563577,
            -0.4486750413
          ],
          [
            0.1591315824,
            0.9810374905,
            0.1106462008
          ],
          [
            0.4298145822,
            -0.1697389152,
            0.8868191053
          ]
        ]
      },
      "2": {
        "distortion": [
          [
            0.052411599,
            -0.0779614642,
            -0.0070335091,
            0.0021446198,
            -0.1734956862
          ]
        ],
        "intrinsic_mat": [
          [
            651.642851475,
            0.0,
            315.7171200046
          ],
          [
            0.0,
            654.8513895736,
            243.7617772162
          ],
          [
            0.0,
            0.0,
            1.0
          ]
        ],
        "orientation": [
          0.6281137259,
          0.018741,
          0.77789583
        ],
        "position": [
          159.2650960785,
          -121.4602390455,
          -54.8983790727
        ],
        "rotation_mat": [
          [
            0.6956847197,
            -0.4613493899,
            -0.5506173909
          ],
          [
            0.3485626461,
            0.8870205834,
            -0.3028177116
          ],
          [
            0.6281137259,
            0.018741,
            0.7778958299
          ]
        ]
      }
    },
    "E4:5F:01:5C:9A:A0": {
      "0": {
        "distortion": [
          [
            0.0589185562,
            -0.208832988,
            0.0087926884,
            -2.44645e-05,
            0.2357509683
          ]
        ],
        "intrinsic_mat": [
          [
            649.2627002867,
            0.0,
            321.3696895881
          ],
          [
            0.0,
            652.8887977709,
            255.0588951075
          ],
          [
            0.0,
            0.0,
            1.0
          ]
        ],
        "orientation": [
          0.5681327313,
          -0.0119147572,
          0.8228506779
        ],
        "position": [
          -1055.5527656296,
          340.6332092626,
          -60.5215048942
        ],
        "rotation_mat": [
          [
            0.4726525656,
            -0.8138007472,
            -0.3381240837
          ],
          [
            0.6736651629,
            0.5810218432,
            -0.4567153007
          ],
          [
            0.5681327312,
            -0.0119147572,
            0.8228506778
          ]
        ]
      },
      "2": {
        "distortion": [
          [
            0.0614718882,
            -0.2110854559,
            0.0051974076,
            0.0040781563,
            0.3263409068
          ]
        ],
        "intrinsic_mat": [
          [
            652.0322908302,
            0.0,
            317.5962783077
          ],
          [
            0.0,
            654.5460370216,
            257.060531147
          ],
          [
            0.0,
            0.0,
            1.0
          ]
        ],
        "orientation": [
          0.8134425438,
          -0.3544667725,
          0.4611556518
        ],
        "position": [
          -1043.2190158153,
          441.8102314619,
          207.8855441852
        ],
        "rotation_mat": [
          [
            -0.1081213081,
            -0.8711786221,
            -0.4789129263
          ],
          [
            0.5715076645,
            0.3397073967,
            -0.7469791656
          ],
          [
            0.8134425437,
            -0.3544667724,
            0.4611556517
          ]
        ]
      }
    },
    "E4:5F:01:5C:9A:B8": {
      "0": {
        "distortion": [
          [
            0.0625682,
            -0.170255088,
            -0.0124805208,
            0.0020808963,
            0.1592203501
          ]
        ],
        "intrinsic_mat": [
          [
            652.3091058521,
            0.0,
            327.8732142027
          ],
          [
            0.0,
            658.0078719058,
            236.0448916894
          ],
          [
            0.0,
            0.0,
            1.0
          ]
        ],
        "orientation": [
          0.3768355239,
          0.0632674552,
          0.9241169932
        ],
        "position": [
          255.7947858341,
          -128.2124913096,
          -32.2276327509
        ],
        "rotation_mat": [
          [
            0.9189334995,
            -0.1509387404,
            -0.3643881448
          ],
          [
            0.1164311443,
            0.98651646,
            -0.1150176632
          ],
          [
            0.3768355239,
            0.0632674552,
            0.9241169931
          ]
        ]
      },
      "2": {
        "distortion": [
          [
            0.03513186,
            -0.03998227,
            -0.0124526605,
            0.0086818388,
            -0.0978622188
          ]
        ],
        "intrinsic_mat": [
          [
            644.8825072994,
            0.0,
            358.6672304068
          ],
          [
            0.0,
            648.7530382711,
            220.065785451
          ],
          [
            0.0,
            0.0,
            1.0
          ]
        ],
        "orientation": [
          0.1425507263,
          0.0201075872,
          0.9895832332
        ],
        "position": [
          370.2271546968,
          -169.8652849249,
          -61.7640875326
        ],
        "rotation_mat": [
          [
            0.9865510281,
            -0.0836722179,
            -0.1404137767
          ],
          [
            0.0799772417,
            0.996290442,
            -0.0317646962
          ],
          [
            0.1425507263,
            0.0201075872,
            0.9895832332
          ]
        ]
      }
    },
    "E4:5F:01:5C:9A:C7": {
      "0": {
        "distortion": [
          [
            0.0606478773,
            -0.1650787212,
            -0.0103059332,
            0.001855757,
            0.0914292348
          ]
        ],
        "intrinsic_mat": [
          [
            646.6836207361,
            0.0,
            327.3545323542
          ],
          [
            0.0,
            651.4699470451,
            224.2433415437
          ],
          [
            0.0,
            0.0,
            1.0
          ]
        ],
        "orientation": [
          0.247666917,
          -0.1596637387,
          0.95559855
        ],
        "position": [
          -141.5162765422,
          64.8102555075,
          37.9852906191
        ],
        "rotation_mat": [
          [
            0.8482110998,
            -0.4409020539,
            -0.2935018041
          ],
          [
            0.4681869588,
            0.883239984,
            0.026231703
          ],
          [
            0.247666917,
            -0.1596637387,
            0.95559855
          ]
        ]
      },
      "2": {
        "distortion": [
          [
            0.0879455425,
            -0.2387543954,
            -0.0086004405,
            0.0110492158,
            0.2680702596
          ]
        ],
        "intrinsic_mat": [
          [
            652.7818543123,
            0.0,
            341.7677319505
          ],
          [
            0.0,
            654.8080607284,
            233.128549294
          ],
          [
            0.0,
            0.0,
            1.0
          ]
        ],
        "orientation": [
          0.7858381863,
          0.1187715748,
          0.6069198118
        ],
        "position": [
          -78.283889112,
          32.7584470681,
          28.6584099897
        ],
        "rotation_mat": [
          [
            0.5306373129,
            -0.6335250893,
            -0.5630896939
          ],
          [
            0.3176198783,
            0.7645516819,
            -0.5608728364
          ],
          [
            0.7858381863,
            0.1187715748,
            0.6069198118
          ]
        ]
      }
    }
  },
  "graph": {
    "bfs_tree_edges": [
      [
        "6A/0",
        "C7/0"
      ],
      [
        "6A/0",
        "C7/2"
      ],
      [
        "C7/0",
        "2F/0"
      ],
      [
        "C7/2",
        "6A/2"
      ],
      [
        "C7/2",
        "8B/0"
      ],
      [
        "2F/0",
        "2F/2"
      ],
      [
        "2F/0",
        "43/2"
      ],
      [
        "2F/0",
        "43/0"
      ],
      [
        "2F/0",
        "70/2"
      ],
      [
        "2F/0",
        "70/0"
      ],
      [
        "6A/2",
        "B8/0"
      ],
      [
        "6A/2",
        "8B/2"
      ],
      [
        "2F/2",
        "26/2"
      ],
      [
        "43/2",
        "37/2"
      ],
      [
        "70/2",
        "3D/2"
      ],
      [
        "70/2",
        "26/0"
      ],
      [
        "70/2",
        "3D/0"
      ],
      [
        "B8/0",
        "8D/2"
      ],
      [
        "B8/0",
        "8D/0"
      ],
      [
        "B8/0",
        "B8/2"
      ],
      [
        "26/2",
        "79/0"
      ],
      [
        "26/2",
        "37/0"
      ],
      [
        "26/2",
        "79/2"
      ],
      [
        "26/2",
        "A0/0"
      ],
      [
        "37/2",
        "A0/2"
      ],
      [
        "8D/2",
        "5B/0"
      ],
      [
        "8D/2",
        "5B/2"
      ]
    ],
    "g_edges": [
      [
        "2F/0",
        "2F/2"
      ],
      [
        "2F/0",
        "43/2"
      ],
      [
        "2F/0",
        "43/0"
      ],
      [
        "2F/0",
        "70/2"
      ],
      [
        "2F/0",
        "70/0"
      ],
      [
        "2F/0",
        "C7/0"
      ],
      [
        "2F/2",
        "70/0"
      ],
      [
        "2F/2",
        "26/2"
      ],
      [
        "2F/2",
        "43/0"
      ],
      [
        "2F/2",
        "43/2"
      ],
      [
        "2F/2",
        "70/2"
      ],
      [
        "8D/0",
        "B8/2"
      ],
      [
        "8D/0",
        "5B/0"
      ],
      [
        "8D/0",
        "8D/2"
      ],
      [
        "8D/0",
        "B8/0"
      ],
      [
        "8D/0",
        "5B/2"
      ],
      [
        "8D/2",
        "5B/0"
      ],
      [
        "8D/2",
        "B8/2"
      ],
      [
        "8D/2",
        "B8/0"
      ],
      [
        "8D/2",
        "5B/2"
      ],
      [
        "26/0",
        "26/2"
      ],
      [
        "26/0",
        "37/2"
      ],
      [
        "26/0",
        "79/0"
      ],
      [
        "26/0",
        "70/2"
      ],
      [
        "26/0",
        "A0/0"
      ],
      [
        "26/0",
        "37/0"
      ],
      [
        "26/0",
        "79/2"
      ],
      [
        "26/2",
        "37/2"
      ],
      [
        "26/2",
        "43/0"
      ],
      [
        "26/2",
        "43/2"
      ],
      [
        "26/2",
        "70/2"
      ],
      [
        "26/2",
        "70/0"
      ],
      [
        "26/2",
        "79/0"
      ],
      [
        "26/2",
        "37/0"
      ],
      [
        "26/2",
        "79/2"
      ],
      [
        "26/2",
        "A0/0"
      ],
      [
        "37/0",
        "37/2"
      ],
      [
        "37/0",
        "A0/0"
      ],
      [
        "37/0",
        "A0/2"
      ],
      [
        "37/0",
        "79/2"
      ],
      [
        "37/0",
        "79/0"
      ],
      [
        "37/2",
        "A0/0"
      ],
      [
        "37/2",
        "79/2"
      ],
      [
        "37/2",
        "A0/2"
      ],
      [
        "37/2",
        "79/0"
      ],
      [
        "37/2",
        "43/2"
      ],
      [
        "37/2",
        "43/0"
      ],
      [
        "3D/0",
        "3D/2"
      ],
      [
        "3D/0",
        "70/2"
      ],
      [
        "3D/2",
        "70/2"
      ],
      [
        "43/0",
        "43/2"
      ],
      [
        "43/0",
        "70/2"
      ],
      [
        "43/0",
        "70/0"
      ],
      [
        "43/2",
        "70/2"
      ],
      [
        "43/2",
        "70/0"
      ],
      [
        "5B/0",
        "B8/2"
      ],
      [
        "5B/0",
        "5B/2"
      ],
      [
        "6A/0",
        "C7/0"
      ],
      [
        "6A/0",
        "C7/2"
      ],
      [
        "6A/2",
        "C7/2"
      ],
      [
        "6A/2",
        "B8/0"
      ],
      [
        "6A/2",
        "8B/2"
      ],
      [
        "70/0",
        "70/2"
      ],
      [
        "79/0",
        "79/2"
      ],
      [
        "79/0",
        "A0/0"
      ],
      [
        "79/0",
        "A0/2"
      ],
      [
        "79/2",
        "A0/2"
      ],
      [
        "79/2",
        "A0/0"
      ],
      [
        "8B/0",
        "C7/2"
      ],
      [
        "8B/2",
        "B8/0"
      ],
      [
        "8B/2",
        "B8/2"
      ],
      [
        "A0/0",
        "A0/2"
      ],
      [
        "B8/0",
        "B8/2"
      ]
    ],
    "ground_cam_suffix": "6A/0"
  }
}